[Data Memory]
Size=2
Base=0

[Data Memory Content]
000:  440703FC  44010005  90E00008  00000000  7000FFFC  1C011000  24210800  24220800 
020:  94E00000  00000000  00000000  00000000  00000000  00000000  00000000  00000000 
040:  00000000  00000000  00000000  00000000  00000000  00000000  00000000  00000000 
060:  00000000  00000000  00000000  00000000  00000000  00000000  00000000  00000000 
080:  00000000  00000000  00000000  00000000  00000000  00000000  00000000  00000000 
0A0:  00000000  00000000  00000000  00000000  00000000  00000000  00000000  00000000 
0C0:  00000000  00000000  00000000  00000000  00000000  00000000  00000000  00000000 
0E0:  00000000  00000000  00000000  00000000  00000000  00000000  00000000  00000000 
100:  00000000  00000000  00000000  00000000  00000000  00000000  00000000  00000000 
120:  00000000  00000000  00000000  00000000  00000000  00000000  00000000  00000000 
140:  00000000  00000000  00000000  00000000  00000000  00000000  00000000  00000000 
160:  00000000  00000000  00000000  00000000  00000000  00000000  00000000  00000000 
180:  00000000  00000000  00000000  00000000  00000000  00000000  00000000  00000000 
1A0:  00000000  00000000  00000000  00000000  00000000  00000000  00000000  00000000 
1C0:  00000000  00000000  00000000  00000000  00000000  00000000  00000000  00000000 
1E0:  00000000  00000000  00000000  00000000  00000000  00000000  00000000  00000000 
200:  00000000  00000000  00000000  00000000  00000000  00000000  00000000  00000000 
220:  00000000  00000000  00000000  00000000  00000000  00000000  00000000  00000000 
240:  00000000  00000000  00000000  00000000  00000000  00000000  00000000  00000000 
260:  00000000  00000000  00000000  00000000  00000000  00000000  00000000  00000000 
280:  00000000  00000000  00000000  00000000  00000000  00000000  00000000  00000000 
2A0:  00000000  00000000  00000000  00000000  00000000  00000000  00000000  00000000 
2C0:  00000000  00000000  00000000  00000000  00000000  00000000  00000000  00000000 
2E0:  00000000  00000000  00000000  00000000  00000000  00000000  00000000  00000000 
300:  00000000  00000000  00000000  00000000  00000000  00000000  00000000  00000000 
320:  00000000  00000000  00000000  00000000  00000000  00000000  00000000  00000000 
340:  00000000  00000000  00000000  00000000  00000000  00000000  00000000  00000000 
360:  00000000  00000000  00000000  00000000  00000000  00000000  00000000  00000000 
380:  00000000  00000000  00000000  00000000  00000000  00000000  00000000  00000000 
3A0:  00000000  00000000  00000000  00000000  00000000  00000000  00000000  00000000 
3C0:  00000000  00000000  00000000  00000000  00000000  00000000  00000000  00000000 
3E0:  00000000  00000000  00000000  00000000  00000000  00000000  00000000  00000000 
